0 10 0.41666666666666663
0 1 0.41666666666666663
10 0 0.41666666666666663
10 20 0.3333333333333333
10 11 0.29166666666666663
1 0 0.41666666666666663
1 11 0.29166666666666663
1 2 0.3333333333333333
11 1 0.29166666666666663
11 10 0.29166666666666663
11 21 0.25
11 12 0.25
2 1 0.3333333333333333
2 12 0.29166666666666663
2 3 0.3333333333333333
12 2 0.29166666666666663
12 11 0.25
12 22 0.25
12 13 0.25
3 2 0.3333333333333333
3 13 0.29166666666666663
3 4 0.3333333333333333
13 3 0.29166666666666663
13 12 0.25
13 23 0.25
13 14 0.25
4 3 0.3333333333333333
4 14 0.29166666666666663
4 5 0.3333333333333333
14 4 0.29166666666666663
14 13 0.25
14 24 0.25
14 15 0.25
5 4 0.3333333333333333
5 15 0.29166666666666663
5 6 0.3333333333333333
15 5 0.29166666666666663
15 14 0.25
15 25 0.25
15 16 0.25
6 5 0.3333333333333333
6 16 0.29166666666666663
6 7 0.3333333333333333
16 6 0.29166666666666663
16 15 0.25
16 26 0.25
16 17 0.25
7 6 0.3333333333333333
7 17 0.29166666666666663
7 8 0.3333333333333333
17 7 0.29166666666666663
17 16 0.25
17 27 0.25
17 18 0.25
8 7 0.3333333333333333
8 18 0.29166666666666663
8 9 0.41666666666666663
18 8 0.29166666666666663
18 17 0.25
18 28 0.25
18 19 0.29166666666666663
9 8 0.41666666666666663
9 19 0.41666666666666663
19 9 0.41666666666666663
19 18 0.29166666666666663
19 29 0.3333333333333333
20 10 0.3333333333333333
20 30 0.3333333333333333
20 21 0.29166666666666663
21 11 0.25
21 20 0.29166666666666663
21 31 0.25
21 22 0.25
22 12 0.25
22 21 0.25
22 32 0.25
22 23 0.25
23 13 0.25
23 22 0.25
23 33 0.25
23 24 0.25
24 14 0.25
24 23 0.25
24 34 0.25
24 25 0.25
25 15 0.25
25 24 0.25
25 35 0.25
25 26 0.25
26 16 0.25
26 25 0.25
26 36 0.25
26 27 0.25
27 17 0.25
27 26 0.25
27 37 0.25
27 28 0.25
28 18 0.25
28 27 0.25
28 38 0.25
28 29 0.29166666666666663
29 19 0.3333333333333333
29 28 0.29166666666666663
29 39 0.3333333333333333
30 20 0.3333333333333333
30 40 0.3333333333333333
30 31 0.29166666666666663
31 21 0.25
31 30 0.29166666666666663
31 41 0.25
31 32 0.25
32 22 0.25
32 31 0.25
32 42 0.25
32 33 0.25
33 23 0.25
33 32 0.25
33 43 0.25
33 34 0.25
34 24 0.25
34 33 0.25
34 44 0.25
34 35 0.25
35 25 0.25
35 34 0.25
35 45 0.25
35 36 0.25
36 26 0.25
36 35 0.25
36 46 0.25
36 37 0.25
37 27 0.25
37 36 0.25
37 47 0.25
37 38 0.25
38 28 0.25
38 37 0.25
38 48 0.25
38 39 0.29166666666666663
39 29 0.3333333333333333
39 38 0.29166666666666663
39 49 0.3333333333333333
40 30 0.3333333333333333
40 50 0.3333333333333333
40 41 0.29166666666666663
41 31 0.25
41 40 0.29166666666666663
41 51 0.25
41 42 0.25
42 32 0.25
42 41 0.25
42 52 0.25
42 43 0.25
43 33 0.25
43 42 0.25
43 53 0.25
43 44 0.25
44 34 0.25
44 43 0.25
44 54 0.25
44 45 0.25
45 35 0.25
45 44 0.25
45 55 0.25
45 46 0.25
46 36 0.25
46 45 0.25
46 56 0.25
46 47 0.25
47 37 0.25
47 46 0.25
47 57 0.25
47 48 0.25
48 38 0.25
48 47 0.25
48 58 0.25
48 49 0.29166666666666663
49 39 0.3333333333333333
49 48 0.29166666666666663
49 59 0.3333333333333333
50 40 0.3333333333333333
50 60 0.3333333333333333
50 51 0.29166666666666663
51 41 0.25
51 50 0.29166666666666663
51 61 0.25
51 52 0.25
52 42 0.25
52 51 0.25
52 62 0.25
52 53 0.25
53 43 0.25
53 52 0.25
53 63 0.25
53 54 0.25
54 44 0.25
54 53 0.25
54 64 0.25
54 55 0.25
55 45 0.25
55 54 0.25
55 65 0.25
55 56 0.25
56 46 0.25
56 55 0.25
56 66 0.25
56 57 0.25
57 47 0.25
57 56 0.25
57 67 0.25
57 58 0.25
58 48 0.25
58 57 0.25
58 68 0.25
58 59 0.29166666666666663
59 49 0.3333333333333333
59 58 0.29166666666666663
59 69 0.3333333333333333
60 50 0.3333333333333333
60 70 0.3333333333333333
60 61 0.29166666666666663
61 51 0.25
61 60 0.29166666666666663
61 71 0.25
61 62 0.25
62 52 0.25
62 61 0.25
62 72 0.25
62 63 0.25
63 53 0.25
63 62 0.25
63 73 0.25
63 64 0.25
64 54 0.25
64 63 0.25
64 74 0.25
64 65 0.25
65 55 0.25
65 64 0.25
65 75 0.25
65 66 0.25
66 56 0.25
66 65 0.25
66 76 0.25
66 67 0.25
67 57 0.25
67 66 0.25
67 77 0.25
67 68 0.25
68 58 0.25
68 67 0.25
68 78 0.25
68 69 0.29166666666666663
69 59 0.3333333333333333
69 68 0.29166666666666663
69 79 0.3333333333333333
70 60 0.3333333333333333
70 80 0.3333333333333333
70 71 0.29166666666666663
71 61 0.25
71 70 0.29166666666666663
71 81 0.25
71 72 0.25
72 62 0.25
72 71 0.25
72 82 0.25
72 73 0.25
73 63 0.25
73 72 0.25
73 83 0.25
73 74 0.25
74 64 0.25
74 73 0.25
74 84 0.25
74 75 0.25
75 65 0.25
75 74 0.25
75 85 0.25
75 76 0.25
76 66 0.25
76 75 0.25
76 86 0.25
76 77 0.25
77 67 0.25
77 76 0.25
77 87 0.25
77 78 0.25
78 68 0.25
78 77 0.25
78 88 0.25
78 79 0.29166666666666663
79 69 0.3333333333333333
79 78 0.29166666666666663
79 89 0.3333333333333333
80 70 0.3333333333333333
80 90 0.41666666666666663
80 81 0.29166666666666663
81 71 0.25
81 80 0.29166666666666663
81 91 0.29166666666666663
81 82 0.25
82 72 0.25
82 81 0.25
82 92 0.29166666666666663
82 83 0.25
83 73 0.25
83 82 0.25
83 93 0.29166666666666663
83 84 0.25
84 74 0.25
84 83 0.25
84 94 0.29166666666666663
84 85 0.25
85 75 0.25
85 84 0.25
85 95 0.29166666666666663
85 86 0.25
86 76 0.25
86 85 0.25
86 96 0.29166666666666663
86 87 0.25
87 77 0.25
87 86 0.25
87 97 0.29166666666666663
87 88 0.25
88 78 0.25
88 87 0.25
88 98 0.29166666666666663
88 89 0.29166666666666663
89 79 0.3333333333333333
89 88 0.29166666666666663
89 99 0.41666666666666663
90 80 0.41666666666666663
90 91 0.41666666666666663
91 81 0.29166666666666663
91 90 0.41666666666666663
91 92 0.3333333333333333
92 82 0.29166666666666663
92 91 0.3333333333333333
92 93 0.3333333333333333
93 83 0.29166666666666663
93 92 0.3333333333333333
93 94 0.3333333333333333
94 84 0.29166666666666663
94 93 0.3333333333333333
94 95 0.3333333333333333
95 85 0.29166666666666663
95 94 0.3333333333333333
95 96 0.3333333333333333
96 86 0.29166666666666663
96 95 0.3333333333333333
96 97 0.3333333333333333
97 87 0.29166666666666663
97 96 0.3333333333333333
97 98 0.3333333333333333
98 88 0.29166666666666663
98 97 0.3333333333333333
98 99 0.41666666666666663
99 89 0.41666666666666663
99 98 0.41666666666666663
